54506:20500,518,859,2369,4262,2687,379,3146,11941,7831
45643:56530,71035,99579,44231,24262,1460,17,302,654,76
6569:302,76,8,21576,84,29,70,564,224,354
15306:17,866,58,2139,2162,353,1804,2193,422,8213
30610:17,302,654,76,616,58,8,866,84,29
30617:17235,56058,77877,71978,39781,30324,29223,14853,650,182
47834:19291,17,302,654,76,616,58,8,866,84
44010:176,17,302,654,76,616,58,8,866,84
23907:84675,81,1410,719,1832,726,1357,1693,5117,2868
15303:3440,93408,69,1917,12597,88234,38690,121818,1462,495
35212:302,4475,59900,37528,3520,88667,24538,85445,10438,41687
39074:1847,17,302,654,76,616,58,8,866,84
26290:1050,17,302,654,76,616,58,8,866,84
19:302,76,8,19480,84,29,70,564,224,354
28204:81,1410,719,1832,726,1357,1693,5117,2868,1389
47815:17,302,654,76,616,58,8,866,84,29
8822:302,76,8,8725,84,29,70,564,224,354
15313:17957,226,363,2548,1578,1362,925,4194,490,463
21996:1471,3354,2375,22980,3510,24261,46891,5701,28512,15423
32533:302,16340,123024,86938,76,105667,116303,48384,2630,27171
35229:302,76,8,7680,84,29,70,564,224,354
47857:14003,17,302,654,76,616,58,8,866,84
41816:2703,17,302,654,76,616,58,8,866,84
10968:616,302,8055,861,76,1345,483,9197,49759,37999
41820:302,76,8,92271,21219,84,29,70,564,224
19582:302,76,8,84,29,70,564,224,354,1102
35241:302,35943,10536,30778,31492,18783,14983,29515,98863,96799
17642:3730,81,1410,719,1832,726,1357,1693,5117,2868
26250:83193,17,302,654,76,616,58,8,866,84
32546:669,17,302,654,76,616,58,8,866,84
26249:457,245,902,394,239,483,97,119,45,1239
23872:302,13896,115865,94611,76,107927,79151,54778,1226,76901
28181:302,110980,45506,2110,76,76857,88406,69267,102067,63233
30626:10099,47544,107777,96824,21607,28693,15906,110104,122762,103775
50671:302,18319,4910,16572,3886,61872,10011,1534,5542,68335
35255:302,76,8,2848,84,29,70,564,224,354
39050:14464,14551,26062,3474,12559,17408,12859,19973,69480,8559
21960:27271,190,3017,594,1598,8252,964,3373,11718,15157
47851:302,12439,14220,10258,76,47000,7809,4083,1345,17800
39052:925,17,302,654,76,616,58,8,866,84
47853:2703,518,859,2369,4262,2687,379,3146,11941,7831
23895:60509,17,302,654,76,616,58,8,866,84
43999:302,76,866,8,84,29,70,564,224,354
32565:2942,1825,101609,86818,49463,85460,97056,91927,245,902
39159:109809,69007,15746,11477,25308,9932,176,17,302,654
47766:45202,81,1410,719,1832,726,1357,1693,5117,2868
32584:17,58,25641,2139,2162,353,1804,2193,422,8213
26349:302,76,8,14277,84,29,70,564,224,354
32580:2869,111524,51214,81134,33112,84774,53097,43973,226,74286
36966:23314,90241,61809,39888,17,302,654,76,616,58
32583:51123,1462,495,155,1822,2292,1352,2018,3711,348
2262:302,76,8,96,84,29,70,564,224,354
39163:654,3847,289,285,1023,1499,2302,755,3231,2168
35274:302,76,8,12022,84,29,70,564,224,354
21944:65860,14464,90387,15157,66500,21412,8729,45678,100405,47081
36961:1133,81,1410,719,1832,726,1357,1693,5117,2868
17556:17,8453,93353,91863,22878,8482,44150,35088,11428,109097
13060:1125,81,1410,719,1832,726,1357,1693,5117,2868
23865:20892,10844,84267,17,302,654,76,616,58,8
43955:8340,76243,200,102692,89327,93776,99701,62824,44540,15740
47747:32604,33279,80425,13789,1193,17,302,654,76,616
8765:9075,17,302,654,76,616,58,8,866,84
21932:61658,226,363,2548,1578,1362,925,4194,490,463
21934:2467,17,302,654,76,616,58,8,866,84
19463:654,24432,289,285,1023,1499,2302,755,3231,2168
36979:36370,17,302,654,76,616,58,8,866,84
35289:302,76,8,7859,84,29,70,564,224,354
8711:16970,17,302,654,76,616,58,8,866,84
33151:33504,35355,6156,69909,52930,107384,28641,81,113296,1410
2301:302,7611,29953,102372,30679,22082,1363,25764,14018,8089
35297:11800,56113,64628,51035,12791,82549,72766,17519,13504,12115
6602:30436,103717,10500,21063,111418,35715,94576,92165,65559,97278
35296:17,616,58,2139,2162,353,1804,2193,422,8213
6603:37042,654,12734,4575,12332,17527,8167,86707,59005,57974
6600:302,2379,226,17317,2967,57656,81,53395,20396,28464
10905:11717,17,302,654,76,616,58,8,866,84
28247:58498,25182,32571,22191,35559,8655,1095,46504,518,8588
45605:10039,3568,5097,890,53895,4743,113437,11299,11589,13676
35311:109495,102670,77670,92789,99666,65542,103226,115458,245,902
13116:302,70284,9043,24467,7981,347,25180,50749,29543,56623
8717:81,12691,9597,3819,17071,6593,1217,7585,481,2185
17579:302,76,866,8,84,29,70,564,224,354
43914:17,58,116,2139,2162,353,1804,2193,422,8213
52533:21210,17,302,654,76,616,58,8,866,84
19503:302,76,8,3043,84,29,70,564,224,354
33135:49736,22028,49937,71954,28773,90833,31171,8498,13634,4261
43927:33176,1361,44862,23365,44479,8077,7024,8153,6559,17
19498:12586,17,302,654,76,616,58,8,866,84
39105:17,58,6751,2139,2162,353,1804,2193,422,8213
43933:49423,21559,29877,9250,17330,1749,6654,35039,6304,20881
26332:68107,17,302,654,76,616,58,8,866,84
30698:302,76,8,378,84,29,70,564,224,354
45762:17,302,654,76,616,58,8,866,84,29
47705:30196,17,302,654,76,616,58,8,866,84
35086:31225,63964,60900,650,182,1245,146,510,1200,1451
17484:89499,34582,30259,95159,4965,9731,62433,10869,650,16431
41975:302,90738,73993,94069,121409,100828,6774,77936,12396,43472
41979:12720,17,302,654,76,616,58,8,866,84
15176:3246,245,902,394,239,483,97,119,45,1239
26146:302,76,8,39380,84,29,70,564,224,354
30482:654,3502,361,354,20322,45770,254,7194,15318,4932
26147:8322,24933,13077,16965,11072,30815,9674,51232,15013,6856
13269:60010,2469,3527,3065,2073,187,1324,3476,578,9874
47703:19433,23824,23102,42190,50442,6379,13895,68455,245,27060
38967:19029,44935,7614,9782,20037,77440,22848,245,94354,5611
30487:302,76,8,3548,84,29,70,564,224,354
17499:21279,50378,98858,45611,104100,15284,63712,12929,81,3723
17498:1332,1030,4008,680,2696,371,1534,11973,13420,550
13259:14889,17,302,654,76,616,58,8,866,84
21868:654,302,70,5459,1462,76,21609,354,42416,109
15189:302,117702,116887,76,71824,91473,63286,119527,49598,33464
47692:302,76,8,415,84,29,70,564,224,354
24056:17,302,654,76,616,58,8,866,84,29
38945:26381,17,302,654,76,616,58,8,866,84
32667:3792,17,302,654,76,616,58,8,866,84
37054:12721,245,902,394,239,483,97,119,45,1239
37053:302,19823,88305,112973,76,88867,102234,6225,5880,101157
4519:49928,9246,55480,18722,84014,73291,25208,36434,80098,105319
13307:7446,12128,7184,68332,17247,65438,17412,55786,53815,100101
32675:302,921,81708,76,56455,54178,64343,111031,75860,1899
33201:40,1332,1030,4008,680,2696,371,1534,11973,13420
174:11194,91046,9699,4429,9059,4608,7358,236,20582,3323
30527:302,76,866,8,84,29,70,564,224,354
33206:302,76,8,168,84,29,70,564,224,354
33207:302,76,8,14113,84,29,70,564,224,354
10842:245,902,394,239,483,97,119,45,1239,999
41947:302,87099,37812,53976,76,104852,105119,91266,87798,107090
19705:73512,121357,39602,34325,29549,81397,93480,69661,96844,120421
43844:80618,17,302,654,76,616,58,8,866,84
47721:35793,30977,39668,29532,44004,99712,69113,49182,245,902
24019:50724,32856,84428,83814,77478,114298,15441,59064,53748,44100
45811:1435,17,302,654,76,616,58,8,866,84
19680:17642,17,302,654,76,616,58,8,866,84
15224:1511,15260,103259,999,1403,2659,108410,633,15141,120558
32701:302,76,8,16960,108635,84,29,70,564,224
35127:17,302,654,76,616,58,8,866,84,29
45697:7680,25329,1462,495,155,1822,2292,1352,2018,3711
32707:302,76,8,3578,84,29,70,564,224,354
17412:89220,65056,19299,5784,28501,92913,35571,112869,90856,87523
28414:55262,17,302,654,76,616,58,8,866,84
17415:302,53126,954,1239,76,78064,3815,1476,4203,4828
23979:669,17,302,654,76,616,58,8,866,84
35166:17,37773,30977,39668,29532,58,69113,99712,10519,49182
45717:302,76,8,42060,84,29,70,564,224,354
13192:518,859,2369,4262,2687,379,3146,11941,7831,22365
41888:75131,650,182,1245,146,510,1200,1451,4919,1190
21796:28653,82724,123074,117689,65849,114789,64132,81,101282,1410
43829:17,302,654,76,616,58,8,866,84,29
15130:302,76,8,8588,84,29,70,564,224,354
17426:16350,245,902,394,239,483,97,119,45,1239
33268:17,58,52770,4112,2139,2162,353,1804,2193,422
39005:89870,17,302,654,76,616,58,8,866,84
35176:25159,3423,13544,25859,3718,51141,64197,1749,8511,81654
52650:224,650,182,1245,146,510,1200,1451,4919,1190
39003:27407,17,302,654,76,616,58,8,866,84
45741:302,76,8,86165,84,29,70,564,224,354
41886:17,42260,44023,89437,58,111180,70112,118815,1740,2139
52646:13816,20095,5406,72215,26612,84586,27755,542,99513,30919
224:4797,1467,601,4965,8694,55337,15627,6417,7126,61573
21774:2031,245,902,394,239,483,97,119,45,1239
37078:302,613,14557,30764,102254,11430,3939,54216,1498,12116
52665:17,302,76,50227,113246,62963,167,8,84,29
28354:42678,73127,6549,37693,99039,16372,65904,93628,14112,21500
47659:7683,11314,86929,122910,39610,26652,55528,109526,87238,63627
33261:3039,226,363,2548,1578,1362,925,4194,490,463
43799:20224,17,302,654,76,616,58,8,866,84
41871:8882,2469,3527,3065,2073,187,1324,3476,578,9874
38983:17,302,654,76,616,58,8,866,84,29
52663:38785,14928,26650,6544,91427,79687,109576,43550,92215,116542
45758:2636,2469,3527,3065,2073,187,1324,3476,578,9874
245:40012,16786,16441,11822,40052,62162,46821,63414,17759,28621
52656:8359,12752,74916,1097,107142,65698,17017,1654,7264,2554
33258:9537,245,902,394,239,483,97,119,45,1239
37178:24948,103858,108998,17,302,654,76,616,58,8
11240:17,302,654,76,616,58,8,866,84,29
23670:302,76,8,8981,84,29,70,564,224,354
32773:17,13051,18287,37838,39089,69736,56658,68163,68282,23832
37175:654,58,302,1140,8680,616,76,32895,9047,52
15051:302,76,8,61495,84,29,70,564,224,354
11259:669,17,302,654,76,616,58,8,866,84
6312:6290,17,302,654,76,616,58,8,866,84
50395:650,182,1245,146,510,1200,1451,4919,1190,3730
43749:117624,80367,37143,17,302,654,76,616,58,8
17863:21875,17,302,654,76,616,58,8,866,84
43748:726,395,239,3,7526,13244,2618,3629,81,1410
45903:18580,518,859,2369,4262,2687,379,3146,11941,7831
17867:302,46013,95446,76,95709,19934,69087,108600,58978,13518
15043:4813,17,302,654,76,616,58,8,866,84
50387:7736,17,302,654,76,616,58,8,866,84
32256:302,76,8,84,29,70,564,224,354,1102
2452:302,12832,2282,20575,76,95533,25216,77590,24481,30791
2453:29657,23740,71417,123316,110105,68631,2283,50818,50572,4535
11211:17,102446,17555,113372,18883,61623,58,93483,51887,85642
39296:6606,17,302,654,76,616,58,8,866,84
43729:302,76,8,84,29,70,564,224,354,1102
26516:302,16387,61991,97977,56511,63933,641,12022,5381,122729
45936:43783,39402,81699,8117,17816,32648,10503,19482,73102,94366
37143:17,245,902,394,239,483,97,119,45,1239
19814:25024,1462,495,155,1822,2292,1352,2018,3711,348
34976:302,76,8,5582,84,29,70,564,224,354
2491:302,76,8,2319,84,29,70,564,224,354
32819:64272,17,302,654,76,616,58,8,866,84
30392:8232,61519,64868,20320,13948,78528,5940,2469,6249,3527
32291:302,76,8,40755,84,29,70,564,224,354
43721:20072,17,302,654,76,616,58,8,866,84
32822:29003,3157,1332,1030,4008,680,2696,371,1534,11973
30399:2778,12758,40570,2600,44050,16828,13087,42073,81,63815
26510:302,76,8,62,84,29,70,564,224,354
21670:28415,73675,118289,84630,87904,17,302,654,76,616
26615:302,76,8,500,84,29,70,564,224,354
26612:12706,109150,86205,16734,48177,84140,101907,24291,11136,46880
26610:17,302,654,76,616,58,8,866,84,29
54713:13897,17,302,654,76,616,58,8,866,84
35026:4953,245,902,394,239,483,97,119,45,1239
28520:302,76,8,35587,84,29,70,564,224,354
39394:302,76,8,84,29,70,564,224,354,1102
6391:17,58,669,2139,2162,353,1804,2193,422,8213
41508:302,41526,10137,76,73746,78145,7738,44479,101783,44891
41509:17,302,654,76,616,58,8,866,84,29
26616:302,76,8,20856,84,29,70,564,224,354
14992:16217,7211,90193,101208,140,2241,3423,6304,650,182
52229:669,2469,3527,3065,2073,187,1324,3476,578,9874
4209:302,42075,100327,83954,76,32789,61418,38904,19715,88331
4223:2092,81,1410,719,1832,726,1357,1693,5117,2868
45825:33687,69402,23997,85551,13689,80399,82278,103142,97791,44910
26602:10966,17,302,654,76,616,58,8,866,84
21637:302,76,8,28357,84,29,70,564,224,354
37212:17,1604,13893,17825,37503,39963,58,8961,71670,5851
41485:98901,6395,14174,119341,12066,2157,13448,1462,3137,495
41483:654,17,302,616,289,14437,12237,47000,73,29
28484:7680,17,302,654,76,616,58,8,866,84
50342:64093,245,902,394,239,483,97,119,45,1239
52284:17,58,32053,2139,2162,353,1804,2193,422,8213
26586:302,76,8,84,29,70,564,224,354,1102
15027:6491,785,18239,61949,6127,21420,500,686,1462,495
43654:302,76,8,7209,84,29,70,564,224,354
45870:2675,61023,49336,18606,91343,16339,37426,58360,8493,14058
26566:302,654,58,1890,84,2061,8964,3,239,2139
45868:302,76,8,17528,84,29,70,564,224,354
39379:68271,17806,98218,121774,91939,20206,11914,95255,119334,88835
45865:86195,17,302,654,76,616,58,8,866,84
41493:669,17,302,654,76,616,58,8,866,84
28496:378,17,302,654,76,616,58,8,866,84
32355:866,1462,495,155,1822,2292,1352,2018,3711,348
26430:17,43086,18452,4,10305,10048,58,538,57734,52449
41703:23494,107577,36663,39508,30359,6700,80051,56015,12937,92574
46039:298,81,1410,719,1832,726,1357,1693,5117,2868
32902:1055,1462,495,155,1822,2292,1352,2018,3711,348
34833:302,58739,116,15491,236,50094,1871,5724,14591,51625
32409:76,616,302,736,30069,41699,79677,4215,15590,5022
43635:302,654,58,84,8837,76,4864,269,13186,54151
34837:302,76,8,826,84,29,70,564,224,354
37308:20209,245,902,394,239,483,97,119,45,1239
43636:780,12227,13288,2292,3484,5812,76092,6916,81,61735
21604:302,1913,6387,76,5443,11731,2848,15555,361,40263
21631:81,1410,719,1832,726,1357,1693,5117,2868,1389
14923:302,76,8,7153,84,29,70,564,224,354
52423:13858,4936,24357,34683,31629,52228,122761,2737,190,22906
14960:73733,111367,44625,35155,18350,96263,69041,43667,54524,121945
37266:2399,17,302,654,76,616,58,8,866,84
52475:518,859,2369,4262,2687,379,3146,11941,7831,22365
50277:17,36227,20931,14636,43253,62975,58,10589,67160,3535
13024:302,76,8,48747,84,29,70,564,224,354
52466:68669,17,302,654,76,616,58,8,866,84
2346:70,23114,138,36186,354,94821,1218,13178,363,1023
17779:302,654,58,1890,84,2061,8964,3,239,2139
28554:302,43896,27012,19466,73003,21521,99062,96606,90214,88952
21570:28223,17,302,654,76,616,58,8,866,84
37272:302,76,8,225,84,29,70,564,224,354
30247:522,379,12812,16056,12536,3976,12061,245,10316,902
47973:302,76,8,84,29,70,564,224,354,1102
34868:2059,650,182,1245,146,510,1200,1451,4919,1190
28558:17,58,8725,2139,2162,353,1804,2193,422,8213
46050:3191,17,302,654,76,616,58,8,866,84
47994:302,76,8,2757,84,29,70,564,224,354
41683:92789,102670,62429,41453,26825,115458,4354,109495,65542,54374
50290:1606,12776,36162,1309,4364,10531,756,17757,245,902
47992:302,76,8,2703,84,29,70,564,224,354
6146:5605,17,302,654,76,616,58,8,866,84
47993:302,32431,54930,114098,13091,803,2602,268,3137,2121
43598:17,302,654,76,616,58,8,866,84,29
37255:17,302,654,76,616,58,8,866,84,29
26383:669,17,302,654,76,616,58,8,866,84
32953:1462,495,155,1822,2292,1352,2018,3711,348,4996
47991:302,76,8,8199,84,29,70,564,224,354
39188:654,3502,361,354,20322,45770,254,7194,15318,4932
52377:4194,17,302,654,76,616,58,8,866,84
47883:1462,495,155,1822,2292,1352,2018,3711,348,4996
34906:37048,17,302,654,76,616,58,8,866,84
50188:7643,56934,71626,33355,12971,99705,24554,65215,7599,17164
11055:2703,17,302,654,76,616,58,8,866,84
19852:25098,17,302,654,76,616,58,8,866,84
14874:302,58,3751,9041,29,1896,38283,3730,289,285
43565:17,302,654,76,616,58,8,866,84,29
32982:17,302,654,76,616,58,8,866,84,29
34895:302,76,8,96,84,29,70,564,224,354
32977:17,58,3847,2139,2162,353,1804,2193,422,8213
39291:302,76,8,14444,84,29,70,564,224,354
43557:302,76,8,16531,84,29,70,564,224,354
37358:11579,102630,53702,23111,83182,454,20052,49711,7010,31307
30290:200,17,302,654,76,616,58,8,866,84
32986:302,76,8,12586,84,29,70,564,224,354
30288:11104,33604,36886,15069,20572,8396,6201,11660,41996,1889
2392:302,76,8,2703,84,29,70,564,224,354
43550:302,105377,20783,5241,76,35174,16914,18816,13240,13630
32994:17,58,16596,2139,2162,353,1804,2193,422,8213
34936:34251,90412,112434,81,1410,719,1832,726,1357,1693
26458:2703,81,1410,719,1832,726,1357,1693,5117,2868
26453:35793,30977,39668,29532,44004,99712,69113,49182,245,902
500:3448,30954,21834,62,30002,45,1912,409,3323,14750
33005:302,76357,76594,54763,11822,74280,61929,22610,93336,33358
23711:46374,17439,63989,17,302,654,76,616,58,8
19887:1287,226,363,2548,1578,1362,925,4194,490,463
47909:302,54135,3461,24216,1048,43320,2743,18433,95971,13791
43537:302,29634,111007,26773,76,99380,26438,115688,87952,81380
39232:302,76,8,18105,84,29,70,564,224,354
12991:714,7586,65,74027,508,20013,5009,245,7984,32
30335:245,902,394,239,483,97,119,45,1239,999
45989:17,58,64805,2139,2162,353,1804,2193,422,8213
26440:302,76,8,37738,84,29,70,564,224,354
26442:34188,2464,3039,4292,5176,714,683,6708,25635,16595
21531:669,17,302,654,76,616,58,8,866,84
37313:17,302,654,76,616,58,8,866,84,29
45998:57192,81,1410,719,1832,726,1357,1693,5117,2868
32493:302,690,87865,1624,88612,90830,10181,1212,3563,2655
34917:66419,17,302,654,76,616,58,8,866,84
32495:3131,17,302,654,76,616,58,8,866,84
54540:2265,17,302,654,76,616,58,8,866,84
52385:795,29270,85583,26988,98874,15321,78637,650,69396,182
8263:8476,17,302,654,76,616,58,8,866,84
54989:73975,10689,25323,28162,10274,24179,29432,43255,1462,495
47345:302,76,8,8447,84,29,70,564,224,354
18146:302,71487,7789,88748,57643,79260,14285,5471,80709,32278
27672:45268,283,84465,16343,14569,5404,2480,16692,2464,24740
35746:22572,650,182,1245,146,510,1200,1451,4919,1190
51195:654,100122,289,285,1023,1499,2302,755,3231,2168
27671:302,76,8,11808,84,29,70,564,224,354
41300:17,302,654,76,616,58,8,866,84,29
22493:61,17,302,654,76,616,58,8,866,84
41302:302,76,8,84,29,70,564,224,354,1102
43470:10408,17,302,654,76,616,58,8,866,84
53098:302,76,8,97057,84,29,70,564,224,354
39556:302,654,58,84,8837,76,4864,269,13186,54151
7069:1592,17,302,654,76,616,58,8,866,84
45178:3584,17,302,654,76,616,58,8,866,84
37398:92359,107255,117732,24010,118152,75297,49277,36535,75582,56333
41286:302,43326,18414,76,102613,92774,78047,33279,91112,80425
22477:302,58,4054,285,8000,15,9258,1221,56150,4541
39567:3645,17,302,654,76,616,58,8,866,84
12628:122304,8471,62866,4305,14039,245,902,394,239,483
2716:302,17893,16542,76547,56430,10239,58632,4238,12535,118672
45133:14885,17,302,654,76,616,58,8,866,84
41337:25636,5767,6033,766,11579,20300,4627,3197,11612,466
45129:2848,17,302,654,76,616,58,8,866,84
24421:33658,70365,80290,89807,1332,1030,4008,680,2696,371
7077:62125,64725,77790,58530,31168,32107,43857,245,902,394
14784:42088,8894,8860,100812,119223,86974,5488,19112,29962,5480
22521:4308,2469,3527,3065,2073,187,1324,3476,578,9874
10479:70299,68370,47699,30754,62290,86093,16697,82309,109983,113585
35730:17,58,118117,65972,2139,2162,353,1804,2193,422
33547:302,76,8,669,84,29,70,564,224,354
7096:17,58,7159,2139,2162,353,1804,2193,422,8213
25778:78187,2469,3527,3065,2073,187,1324,3476,578,9874
4898:12536,1462,495,155,1822,2292,1352,2018,3711,348
47310:8860,16929,109129,34134,37436,38174,2321,9783,28467,2460
33541:41506,2153,6097,49882,59802,5783,5480,4103,33285,8470
39594:302,76,8,568,84,29,70,564,224,354
12616:302,11644,9629,2447,24211,4941,42514,16155,80826,14964
53080:95846,1418,12066,905,20330,5254,2142,11053,6472,2683
24331:33483,17,302,654,76,616,58,8,866,84
27737:302,76,8,225,84,29,70,564,224,354
10392:17,302,654,76,616,58,8,866,84,29
32104:302,76,8,50091,84,29,70,564,224,354
45101:9090,118284,88107,113542,32360,15115,48051,15359,25636,30660
51132:75090,17,302,654,76,616,58,8,866,84
54924:1145,245,902,394,239,483,97,119,45,1239
32110:302,616,564,29221,17191,20325,8,93,12223,22353
22426:302,67529,23320,99683,76,114323,101782,43847,108595,33041
14752:17,58,17125,2139,2162,353,1804,2193,422,8213
41237:64191,1418,12066,905,20330,5254,2142,11053,6472,2683
33652:17,302,654,76,616,58,8,866,84,29
35820:17,302,654,76,616,58,8,866,84,29
2805:302,90531,39575,48765,76,117508,93897,85830,98823,104502
47294:302,76,260,8,39435,84,29,70,564,224
39617:302,76,8,7624,84,29,70,564,224,354
10378:97626,18935,8860,2153,463,168,17,302,654,76
32123:52705,650,182,1245,146,510,1200,1451,4919,1190
22400:302,11839,35516,5860,76,121638,3516,24132,8511,550
43411:36370,5998,4025,3313,1527,128,21,13895,14784,4604
22401:19831,17,302,654,76,616,58,8,866,84
39623:302,76,8,262,84,29,70,564,224,354
628:84119,67955,118810,55426,83827,97788,6526,4782,21488,39233
24349:58,289,554,31991,518,60334,60621,8785,9113,1804
51105:302,32623,885,16995,75363,31315,11402,12216,19829,74038
24339:33494,17,302,654,76,616,58,8,866,84
25822:669,226,363,2548,1578,1362,925,4194,490,463
30189:2008,245,902,394,239,483,97,119,45,1239
2776:302,76,8,8178,84,29,70,564,224,354
12562:302,88524,48208,12637,74052,49433,85003,45423,120791,103235
47248:23911,86808,66812,86058,99983,245,902,394,239,483
37480:17,54703,9794,74686,30357,56965,58,22890,664,1803
19996:302,654,58,1890,84,2061,8964,3,239,2139
32076:52490,17,302,654,76,616,58,8,866,84
45069:68498,2178,647,18536,5979,43881,14707,9231,18004,62564
4984:654,4826,11108,2665,25826,1318,244,205,2512,2618
45063:302,112822,46098,41185,20560,8727,70792,47609,30360,74263
33621:302,76,8,53672,4117,84,29,70,564,224
51093:71292,123149,95418,101835,18923,100181,17,302,654,76
35788:16804,236,3323,5575,4697,1957,2739,946,5084,401
4991:669,650,182,1245,146,510,1200,1451,4919,1190
39652:9207,245,902,394,239,483,97,119,45,1239
41261:17,28129,41392,67914,7105,120372,19871,17646,59048,100774
19983:302,76,8,3003,84,29,70,564,224,354
39662:50336,17,302,654,76,616,58,8,866,84
25852:97,1462,495,155,1822,2292,1352,2018,3711,348
47247:17,302,654,76,616,58,8,866,84,29
25854:302,76,8,2318,84,29,70,564,224,354
45284:30479,28800,2475,14476,27420,22220,14779,6239,1732,26913
27799:302,28468,3789,20799,76,44609,53585,1326,3991,103064
54855:17,58,72918,2139,2162,353,1804,2193,422,8213
25612:654,21342,66155,79010,19999,35990,47253,5302,35697,289
41424:654,58,302,1140,8680,616,76,32895,9047,52
27794:36484,55367,6329,7280,23071,1847,17,302,654,76
22363:17,10106,85046,14470,43763,68382,58,62696,44927,51630
20208:669,245,902,394,239,483,97,119,45,1239
37516:654,58,861,302,94996,3611,153,5244,12785,591
45293:4521,6780,74481,50972,39787,23687,111430,29114,65022,102853
22354:302,76967,109979,76,98293,93054,51409,109567,55825,66969
33722:6186,28216,84200,37061,8133,75097,55973,116326,119487,25014
37515:302,654,58,1890,84,2061,8964,3,239,2139
8413:302,12634,2366,3231,4171,690,2456,1924,268,3158
2597:780,9023,81222,262,180,5767,23933,28926,1410,719
33702:39963,7941,1604,13893,76384,16330,72762,226,57419,107792
22346:302,654,58,1890,84,2061,8964,3,239,2139
37523:9599,2059,32448,122963,69306,97531,6058,2469,116274,3527
29993:302,76,8,84,29,70,564,224,354,1102
45298:302,114614,10060,38269,76,5583,6890,30646,32524,3371
41410:73797,17,302,654,76,616,58,8,866,84
39429:84192,1462,495,155,1822,2292,1352,2018,3711,348
51053:17,58,14701,2139,2162,353,1804,2193,422,8213
27789:18787,91964,20641,2307,72296,66128,16879,27490,81,71237
14712:302,8066,42506,10060,76,10175,22128,183,15131,25839
37530:302,24161,67167,82587,109336,49133,105834,88148,9293,108091
24536:302,616,564,29221,17191,20325,8,93,12223,22353
41462:15111,17,302,654,76,616,58,8,866,84
45255:97024,81,1410,719,1832,726,1357,1693,5117,2868
43372:113702,93630,3140,32031,23884,19390,8848,12990,10041,189
6950:23335,17,302,654,76,616,58,8,866,84
45250:6293,245,902,394,239,483,97,119,45,1239
35593:8582,35554,56008,29745,6508,99063,24588,190,106258,3017
22388:1164,17,302,654,76,616,58,8,866,84
10364:27090,21486,3474,45291,116484,3472,19090,425,245,902
24558:35996,1991,21808,86372,64461,33872,1455,106792,190,1589
41464:20248,30137,73943,42933,51905,53789,46400,25317,13366,35229
41465:17,58,6304,2139,2162,353,1804,2193,422,8213
32145:17,58,2139,2162,353,1804,2193,422,8213,2275
22373:302,16024,83724,71816,3761,74629,83231,101945,79374,28735
18005:35486,17,302,654,76,616,58,8,866,84
51023:1030,17,302,654,76,616,58,8,866,84
29956:15365,17,302,654,76,616,58,8,866,84
39458:780,9023,81222,262,180,5767,23933,28926,1410,719
8435:3913,17,302,654,76,616,58,8,866,84
22299:4339,35953,101336,82875,13652,70740,25237,38234,17,302
39515:302,1145,4513,54174,4547,53649,61409,441,70044,97558
35691:866,245,902,394,239,483,97,119,45,1239
6983:302,76,8,500,84,29,70,564,224,354
8334:654,302,14464,15,76,18687,61,2900,2210,65444
25677:302,76,8,4308,84,29,70,564,224,354
33783:47531,83703,49573,62371,30326,183,30663,118285,8066,13312
30064:14700,15324,7317,10181,1380,10012,2716,11276,27325,37572
30071:302,32,26504,698,56070,901,26252,999,1109,2102
33789:8199,1418,12066,905,20330,5254,2142,11053,6472,2683
37585:385,17,302,654,76,616,58,8,866,84
47144:3176,17,302,654,76,616,58,8,866,84
37588:17,58,415,2139,2162,353,1804,2193,422,8213
24468:302,5398,11612,26985,4586,18124,4425,33961,32599,8983
32251:62860,17,302,654,76,616,58,8,866,84
32250:40152,81,1410,719,1832,726,1357,1693,5117,2868
17974:17,82949,116053,46731,55124,12624,83008,121346,4573,22255
30054:262,17,302,654,76,616,58,8,866,84
20115:669,17,302,654,76,616,58,8,866,84
20116:17321,17,302,654,76,616,58,8,866,84
50965:302,76,8,20114,84,29,70,564,224,354
41402:3328,5624,111757,8848,12990,19596,7880,29254,245,902
14601:110399,74319,37415,650,182,1245,146,510,1200,1451
24489:2092,17,302,654,76,616,58,8,866,84
33752:654,200,289,285,1023,1499,2302,755,3231,2168
22324:9207,650,182,1245,146,510,1200,1451,4919,1190
50974:98495,117658,105237,44659,95776,45161,18948,36252,4795,94854
20125:302,76,8,84,29,70,564,224,354,1102
17925:4308,17,302,654,76,616,58,8,866,84
32205:1730,5097,890,3568,42756,4743,35582,42640,55944,3759
17926:302,76,8,21981,84,29,70,564,224,354
50972:302,41942,46793,72199,55038,3535,10135,14636,2026,6068
39528:102004,518,859,2369,4262,2687,379,3146,11941,7831
7027:302,76,8,84,29,70,564,224,354,1102
14615:802,245,902,394,239,483,97,119,45,1239
17937:2848,17,302,654,76,616,58,8,866,84
50952:79353,1634,17,302,654,76,616,58,8,866
43313:226,363,2548,1578,1362,925,4194,490,463,342
43319:302,76,8,66573,84,29,70,564,224,354
25716:302,50150,25470,23827,13448,90164,19767,50632,79696,39650
43316:302,76,8,7153,84,29,70,564,224,354
35510:302,19166,8321,3372,76,40165,60412,11563,66449,8211
22213:302,807,85828,76,6287,12710,49290,10702,8191,8909
24157:8725,17,302,654,76,616,58,8,866,84
47588:22569,17,302,654,76,616,58,8,866,84
18416:30991,103488,57033,70240,83608,36375,121850,64099,47899,111256
43217:238,17,302,654,76,616,58,8,866,84
39822:7029,3191,9789,1766,87911,58223,614,1983,32320,25280
33316:302,654,58,1890,84,2061,8964,3,239,2139
50916:25734,8077,107680,91332,29374,65848,106198,116826,2718,69122
20327:59670,80321,25969,81,1410,719,1832,726,1357,1693
24144:302,1326,81427,352,53052,801,21421,96464,31890,175
20322:107413,74835,57551,2859,31652,59508,94885,650,101831,92023
10691:483,1573,42681,16706,9572,153,104892,245,3163,4181
24146:703,3993,2748,1463,27682,8156,6442,650,23302,7963
41025:6294,17,302,654,76,616,58,8,866,84
41055:302,12722,5480,11917,719,17102,6695,984,463,7426
25989:669,30815,9674,39308,62187,51232,76108,13077,190,3017
31789:50904,17,302,654,76,616,58,8,866,84
31791:302,76,8,4308,84,29,70,564,224,354
27929:302,76,8,12541,84,29,70,564,224,354
29873:302,76,8,84,29,70,564,224,354,1102
3002:1247,1418,12066,905,20330,5254,2142,11053,6472,2683
52833:3841,542,1276,116,840,4456,4173,5048,4190,13060
45414:99232,101032,2601,743,37664,33493,24814,81216,106116,100440
22236:14617,1693,5577,182,24990,1476,2831,2944,29,245
25994:17,58,2703,2139,2162,353,1804,2193,422,8213
29882:65757,17,302,654,76,616,58,8,866,84
37692:3088,17,302,654,76,616,58,8,866,84
26036:11518,17,302,654,76,616,58,8,866,84
14554:302,2668,104626,76,100030,21915,27362,15162,90238,55403
29825:25022,17,302,654,76,616,58,8,866,84
27940:302,47116,873,39479,1164,77327,2121,13512,1402,33333
18394:4982,58929,71859,103917,93380,73263,35714,1332,104065,16046
22251:16653,16286,46319,8511,58401,16404,72681,22597,1332,8588
47562:17282,17,302,654,76,616,58,8,866,84
43259:866,17,302,654,76,616,58,8,84,29
47568:302,76,8,84,29,70,564,224,354,1102
41080:63358,29486,75149,18355,107970,66240,58523,77471,1332,43691
35456:302,46776,24775,4937,34814,114843,115885,206,1652,9069
41077:4204,17,302,654,76,616,58,8,866,84
31751:17,302,654,76,616,58,8,866,84,29
27958:1175,43848,90233,122545,78786,13019,28309,245,35258,18120
2965:29174,29475,39796,18240,46210,36338,49349,57034,57868,5822
39865:302,76,8,84,29,70,564,224,354,1102
4666:4479,17,302,654,76,616,58,8,866,84
24162:96,17,302,654,76,616,58,8,866,84
47579:866,1418,12066,905,20330,5254,2142,11053,6472,2683
8552:811,17,302,654,76,616,58,8,866,84
37666:302,76,8,84,29,70,564,224,354,1102
20304:25922,17,302,654,76,616,58,8,866,84
29922:38168,17,302,654,76,616,58,8,866,84
20268:866,17,302,654,76,616,58,8,84,29
35574:58289,117771,4719,46592,62863,15995,28490,10560,226,9518
39876:17,302,654,76,616,58,8,866,84,29
39877:15163,61228,22238,23964,8446,54390,16866,20313,245,25481
40960:302,76,68379,5565,8,89139,84,29,70,564
891:654,3502,361,354,20322,45770,254,7194,15318,4932
29930:2703,518,859,2369,4262,2687,379,3146,11941,7831
35576:866,34309,4888,29782,48660,32986,8519,113844,8590,11759
47539:302,76,8,68549,84,29,70,564,224,354
45353:302,13567,65558,135,42978,1081,20055,46414,661,37436
14508:302,76,8,5860,84,29,70,564,224,354
43140:302,36964,89264,24670,114000,69384,62186,57351,101964,24081
37708:302,76,8,84,29,70,564,224,354,1102
52778:1851,5663,57407,81,15420,780,6732,13785,4967,21778
4696:81,1410,719,1832,726,1357,1693,5117,2868,1389
45346:49241,1418,12066,905,20330,5254,2142,11053,6472,2683
50864:17,58,83351,2139,2162,353,1804,2193,422,8213
39896:302,76,8,669,84,29,70,564,224,354
39903:302,654,58,1890,84,2061,8964,3,239,2139
27990:7048,17,302,654,76,616,58,8,866,84
18322:189,39901,15019,4755,1527,23526,19697,10041,1462,32778
20233:11008,17,302,654,76,616,58,8,866,84
33355:16596,87709,112037,49458,102103,88477,35798,17427,650,182
45341:57043,32200,82416,62398,4787,6752,8878,245,12612,902
26100:302,119349,12861,17486,42989,8867,19152,862,14839,11855
29892:6668,40900,26656,36658,70031,62259,2754,12720,1332,1030
3011:2807,120408,17349,115356,11851,44919,61169,245,20589,109829
18334:866,17,302,654,76,616,58,8,84,29
43198:866,226,363,2548,1578,1362,925,4194,490,463
26108:2730,44041,17,302,654,76,616,58,8,866
45323:110600,2469,3527,3065,2073,187,1324,3476,578,9874
41019:56795,4108,68575,87490,98532,48850,75127,81,33124,114419
6894:302,76,5152,112582,8,6922,84,29,70,564
35525:70,23114,138,36186,354,94821,1218,13178,363,1023
31822:302,76,8,10492,84,29,70,564,224,354
39927:302,76,8,20194,84,29,70,564,224,354
3037:42168,17,302,654,76,616,58,8,866,84
37731:302,24530,12264,103066,99508,23270,16996,15461,13573,46309
22201:302,564,66205,76,698,22562,2139,27063,56465,39192
50835:302,4880,21696,3131,35036,21832,1164,2194,2139,973
43178:302,12617,90233,44547,99359,119398,71025,33644,60064,97118
39932:302,76,8,9238,84,29,70,564,224,354
33364:9572,7779,20553,1165,5699,2046,48172,236,75095,3323
18316:85496,73150,876,94176,85077,99356,21097,236,53373,44801
24100:302,45,155,18057,76,28014,3101,11449,1212,4173
41159:302,12300,3223,1476,72240,29,66319,1614,44,7621
47470:16686,74705,17,302,654,76,616,58,8,866
2853:302,18850,86461,83814,76,89994,16962,84210,34823,12631
39693:281,50780,60837,119840,56464,18901,111390,110728,226,52421
25887:26976,47265,30587,26898,542,1276,116,840,4456,4173
4751:12332,25910,14841,32096,8167,3126,3477,367,190,1600
24273:20604,17,302,654,76,616,58,8,866,84
33443:82422,6059,53271,3731,57102,92748,3049,33731,22035,106821
41153:302,76,8,6503,84,29,70,564,224,354
37790:302,76,8,24920,84,29,70,564,224,354
33454:11637,13277,1608,85600,6435,36630,26220,104976,61444,82921
50796:866,17,302,654,76,616,58,8,84,29
45564:2405,17,302,654,76,616,58,8,866,84
24286:64480,46174,89374,89328,14982,90228,1028,78873,81,1410
43088:302,11626,25481,76,9566,37575,40840,45156,55431,20356
50807:302,3363,50201,97813,76,80767,17715,18101,45303,803
47486:11176,32170,7254,27170,73724,51233,37586,245,12767,100198
45542:17,302,654,76,616,58,8,866,84,29
37767:16964,17,302,654,76,616,58,8,866,84
50802:7622,2543,23113,52391,12861,311,58356,84100,1011,8759
45550:26393,17,302,654,76,616,58,8,866,84
43078:78152,25093,61583,114128,86764,109169,55717,60939,83423,111490
47479:190,3017,594,1598,8252,964,3373,11718,15157,13660
25861:17,58,944,2139,2162,353,1804,2193,422,8213
22102:660,17,302,654,76,616,58,8,866,84
41181:302,76,8,84,29,70,564,224,354,1102
18272:2469,3527,3065,2073,187,1324,3476,578,9874,998
41176:96,2464,3039,4292,5176,714,683,6708,25635,16595
14422:11083,65532,17,302,654,76,616,58,8,866
20420:26139,17,302,654,76,616,58,8,866,84
29708:35452,12634,6039,75771,11648,95765,2386,1165,18200,5539
41184:17,302,654,76,616,58,8,866,84,29
29701:4477,17,302,654,76,616,58,8,866,84
29700:8725,650,182,1245,146,510,1200,1451,4919,1190
20439:302,76,8,84,29,70,564,224,354,1102
45510:108490,98384,54324,4915,118639,115345,73913,16027,2469,111183
35332:616,302,8055,861,76,1345,483,9197,49759,37999
4789:17,58,4616,2139,2162,353,1804,2193,422,8213
6698:302,76,8,6724,84,29,70,564,224,354
12498:901,236,3323,5575,4697,1957,2739,946,5084,401
39730:224,17,302,654,76,616,58,8,866,84
22128:17112,30695,42588,78340,12657,48377,16458,9062,27414,20993
20440:10692,46844,59009,10302,9314,4110,4146,17,302,654
39731:2031,17,302,654,76,616,58,8,866,84
31985:74002,81,1410,719,1832,726,1357,1693,5117,2868
24210:654,55253,5103,62293,15289,3309,1510,176,37074,1790
25951:15984,42467,89506,48953,101271,111948,66490,245,32294,27983
22016:302,654,58,1890,84,2061,8964,3,239,2139
37849:302,76,8,84,29,70,564,224,354,1102
33527:650,182,1245,146,510,1200,1451,4919,1190,3730
50740:87231,60954,81919,7445,245,902,394,239,483,97
20409:302,76,8,33884,84,29,70,564,224,354
33528:51952,17904,121326,58360,26273,118712,24071,236,1808,14006
8578:106,14152,2816,974,10466,81129,14328,4481,13901,815
41119:245,902,394,239,483,97,119,45,1239,999
24206:4802,17,302,654,76,616,58,8,866,84
31958:302,76,8,26140,84,29,70,564,224,354
12428:302,76,8,81,84,29,70,564,224,354
50695:6926,17,302,654,76,616,58,8,866,84
37878:302,76,8,30,84,29,70,564,224,354
18204:177,22655,69494,103120,11497,66537,17,302,654,76
8637:866,17,302,654,76,616,58,8,84,29
50696:245,902,394,239,483,97,119,45,1239,999
18195:101310,81,1410,719,1832,726,1357,1693,5117,2868
41128:17,302,654,76,616,58,8,866,84,29
24248:77590,8301,35268,6387,48061,27768,2282,12832,24037,30791
50702:302,654,58,1890,84,2061,8964,3,239,2139
43049:8860,57062,86517,2685,5480,7711,984,1400,7838,7994
47386:302,10339,32813,828,35798,66718,60795,105704,28593,53788
45443:654,64869,4292,80318,379,2351,90114,11251,3976,22851
50713:46535,2464,3039,4292,5176,714,683,6708,25635,16595
14347:302,76,8,22620,84,29,70,564,224,354
10554:302,76,8,2092,84,29,70,564,224,354
31947:302,76,8,84,29,70,564,224,354,1102
50715:302,78751,47614,79771,73021,56654,82240,107577,390,53433
41147:17,4880,1164,55900,59417,698,58,9881,500,13725
29777:8322,24933,13077,16965,11072,30815,9674,51232,15013,6856
20381:7680,17,302,654,76,616,58,8,866,84
29781:83670,7197,30718,113622,32097,9752,17787,20732,650,182
37988:52200,86479,39277,105164,10662,91352,60464,104526,76833,52056
37987:34910,104579,49088,13590,6083,44156,94947,41725,41991,56491
27250:5998,4025,3313,1527,128,21,13895,14784,4604,1387
44964:5739,27671,2829,17378,23931,1677,698,81,43457,7031
22825:17,44779,10537,80081,115785,58,96152,118346,33790,94661
22824:17,34972,45258,41441,30854,58,20681,1943,23813,53321
20912:302,76,8,8574,84,29,70,564,224,354
42790:302,76,8,6141,84,29,70,564,224,354
14095:193,17,302,654,76,616,58,8,866,84
36315:302,59623,98501,76,8001,21879,23599,40597,24029,20801
18433:4308,17,302,654,76,616,58,8,866,84
20906:302,9216,71589,8660,15921,26849,43021,4949,24608,13889
51479:48022,17,302,654,76,616,58,8,866,84
16532:11435,17496,48413,73140,102315,21466,58372,58682,111853,115251
16531:302,76,8,224,84,29,70,564,354,1102
51500:32,81,1410,719,1832,726,1357,1693,5117,2868
51501:17,302,654,76,616,58,8,866,84,29
16558:302,76,8,96,84,29,70,564,224,354
3319:3003,1462,495,155,1822,2292,1352,2018,3711,348
42775:302,23911,86808,76,86058,19350,99983,53519,65327,11300
40158:302,15884,38931,76,21853,2514,11415,14568,7277,39819
31585:302,18850,86461,83814,76,89994,16962,84210,34823,12631
36330:15193,1358,23934,91882,10601,79717,292,680,245,902
7617:654,17,37236,7760,46650,2641,755,1119,245,902
31597:302,48932,47228,76,62870,16686,80867,70125,94594,31748
53391:12423,36819,55364,51704,49227,8243,757,245,67835,43103
34174:10927,9080,53178,38,3280,787,42738,13387,226,2937
14128:1175,43848,90233,122545,78786,13019,28309,245,35258,18120
16297:302,76,8,81,84,29,70,564,224,354
25280:17,58,4686,2139,2162,353,1804,2193,422,8213
44958:429,650,182,1245,146,510,1200,1451,4919,1190
22800:76,17,302,654,616,58,8,866,84,29
9752:8066,83703,12982,52646,62371,30663,118861,650,89943,182
55300:302,654,58,1890,84,2061,8964,3,239,2139
29668:51635,17,302,654,76,616,58,8,866,84
25301:62,245,902,394,239,483,97,119,45,1239
25298:43876,19200,44872,102611,12045,63860,112630,89987,34482,28620
40129:4416,17,302,654,76,616,58,8,866,84
46650:12952,245,902,394,239,483,97,119,45,1239
40123:302,2982,377,76,90902,9425,4466,27724,4994,20223
42865:302,76,8,84,29,70,564,224,354,1102
51529:29654,2089,10243,31357,49443,98797,114582,11587,99985,14552
40120:35612,650,182,1245,146,510,1200,1451,4919,1190
53479:2946,119624,13603,74276,69353,54226,19419,27692,24835,17
51535:650,182,1245,146,510,1200,1451,4919,1190,3730
53476:302,12617,90233,44547,99359,119398,71025,33644,60064,97118
37924:65669,17,302,654,76,616,58,8,866,84
20990:70,23114,138,36186,354,94821,1218,13178,363,1023
16329:8,1201,84,19529,101,563,4735,859,902,2369
36225:302,76,8,30317,84,29,70,564,224,354
22893:13420,17,302,654,76,616,58,8,866,84
18525:84433,2469,3527,3065,2073,187,1324,3476,578,9874
25253:302,2265,31633,18697,6387,22856,6198,40263,2848,30661
49631:302,76,8,84,29,70,564,224,354,1102
31502:17,302,654,76,616,58,8,866,84,29
29578:2139,17,302,654,76,616,58,8,866,84
27172:12589,1749,1888,1296,2204,1316,3373,3819,55253,91975
31508:302,76,8,48716,84,29,70,564,224,354
34054:331,17,302,654,76,616,58,8,866,84
22901:5998,4025,3313,1527,128,21,13895,14784,4604,1387
29582:840,17,302,654,76,616,58,8,866,84
40098:654,3502,361,354,20322,45770,254,7194,15318,4932
36242:226,1462,495,155,1822,2292,1352,2018,3711,348
29569:449,8004,37504,1511,37562,1016,3101,236,1231,19622
14147:302,76,8,8093,84,29,70,564,224,354
27180:39353,4123,33594,118231,28333,95430,7251,2064,1462,495
7612:616,58,16737,17443,1196,153,17761,542,20151,591
48837:19501,2852,9090,102102,102228,5099,16854,118194,17823,7256
42833:4308,17,302,654,76,616,58,8,866,84
22851:361,17,302,654,76,616,58,8,866,84
20954:27131,17,302,654,76,616,58,8,866,84
7555:72027,47388,93182,73619,90038,103272,116662,39066,245,17920
34106:14508,9354,88586,8454,43783,91791,25114,118273,245,39402
36261:302,76,8,224,84,29,70,564,354,1102
22862:2405,1471,3354,2375,22980,3510,24261,46891,5701,28512
27166:4308,17,302,654,76,616,58,8,866,84
11996:8725,650,182,1245,146,510,1200,1451,4919,1190
46702:16945,21956,50302,112164,59048,123165,25273,61086,123292,45394
27136:669,17,302,654,76,616,58,8,866,84
37910:78374,17,302,654,76,616,58,8,866,84
42824:654,302,5702,1822,43577,35589,14924,4135,14823,15540
37912:302,76,8,64234,84,29,70,564,224,354
45009:5763,54371,24170,107489,1745,2854,111674,5779,62789,19264
49643:302,76,8,5328,84,29,70,564,224,354
34092:10775,37146,27165,48337,54479,89028,56697,104766,83353,14504
42829:17,302,76,106322,110895,51883,80422,8,45946,84
34093:302,110719,70386,99539,24491,7869,114230,114619,93840,1160
46718:6559,1462,495,155,1822,2292,1352,2018,3711,348
37918:17,302,654,76,616,58,8,866,84,29
16380:17,302,654,76,616,58,8,866,84,29
29525:245,902,394,239,483,97,119,45,1239,999
11836:31171,9949,54531,12984,135,175,104481,94940,53462,80109
40055:17,58,2703,2139,2162,353,1804,2193,422,8213
49438:302,76,32472,24848,8,90123,52729,84,29,70
11839:302,12988,49696,52411,76,10345,94970,72022,105761,84183
20790:302,76,8,669,84,29,70,564,224,354
3166:17,302,654,76,616,58,8,866,84,29
40053:17,302,726,395,16699,58296,3234,1567,3,5247
16137:11333,21175,26273,24071,28969,47803,12277,81,48866,1410
31691:302,76,8,37332,84,29,70,564,224,354
22949:302,75493,32793,114222,55577,52163,118601,15652,68556,91570
9911:7744,53026,52939,34320,11951,13791,8924,8671,33132,30993
36176:3137,17,302,654,76,616,58,8,866,84
42919:302,74105,104578,47903,80094,78409,35721,45138,119810,34755
25212:38953,17,302,654,76,616,58,8,866,84
51615:17,302,654,76,616,58,8,866,84,29
40043:654,3502,361,354,20322,45770,254,7194,15318,4932
31696:52320,104129,121654,81079,109485,60576,44196,63371,226,2021
40040:3368,226,363,2548,1578,1362,925,4194,490,463
46767:669,2469,3527,3065,2073,187,1324,3476,578,9874
38088:50876,168,12571,984,661,1658,4119,81,23239,1410
36193:302,76,8,3157,84,29,70,564,224,354
11799:10039,81,1410,719,1832,726,1357,1693,5117,2868
34293:9265,81,1410,719,1832,726,1357,1693,5117,2868
55455:102990,17,302,654,76,616,58,8,866,84
38108:302,8,1102,76,3441,15383,518,30864,1762,40597
7517:302,186,22713,76,10178,3378,11408,45641,58738,64973
16186:302,76,8,98,84,29,70,564,224,354
49450:7067,42785,19789,6359,62462,25988,429,2469,1876,27406
36210:302,76,8,59826,84,29,70,564,224,354
25183:101033,37013,27239,121445,5421,80488,748,5036,54732,83567
36221:963,17,302,654,76,616,58,8,866,84
48680:17,16947,6207,827,26496,58,21938,4421,1471,39082
38057:913,4569,19668,13260,74966,22779,28219,6323,245,902
27313:2021,17,302,654,76,616,58,8,866,84
16192:302,19244,45791,85292,76,36401,99734,9961,23317,1989
1163:1097,17,302,654,76,616,58,8,866,84
29468:302,76,13969,8,119044,84,29,70,564,224
25137:866,1462,495,155,1822,2292,1352,2018,3711,348
38073:116944,85040,74003,112621,1977,61449,86462,34232,58711,109699
42989:52650,63880,356,141,19814,92305,95469,32629,115014,27940
42976:224,17,302,654,76,616,58,8,866,84
20846:302,76,8,2703,84,29,70,564,224,354
22986:17,302,654,76,616,58,8,866,84,29
14321:302,42527,32909,78283,76,107083,105633,49601,3764,57731
27289:79143,20143,64209,85509,5224,78146,108023,22519,63057,50790
38028:13166,17,302,654,76,616,58,8,866,84
38029:17,5405,58,53440,14754,168,2139,2162,353,1804
48757:6434,3172,10041,4825,4755,245,902,394,239,483
48758:4308,17,302,654,76,616,58,8,866,84
27293:302,76,866,8,84,29,70,564,224,354
46831:6381,17,302,654,76,616,58,8,866,84
16231:302,12722,5480,11917,719,17102,6695,984,463,7426
46820:23778,10637,48993,44428,5685,79821,27717,470,71065,81416
7429:7885,650,182,1245,146,510,1200,1451,4919,1190
51695:97298,17,302,654,76,616,58,8,866,84
31653:840,90185,3196,93087,10541,112552,3370,6754,226,363
11851:1462,495,155,1822,2292,1352,2018,3711,348,4996
7451:302,12495,38690,1617,69,1917,12597,48197,8794,121818
53342:3176,245,902,394,239,483,97,119,45,1239
9946:10503,14403,8454,17812,27291,19489,14508,24811,6157,35356
42945:302,2194,76373,6757,3484,1471,59031,24521,3288,77407
20810:25749,5767,6033,766,11579,20300,4627,3197,11612,466
38037:302,76,8,51343,84,29,70,564,224,354
46837:89504,4792,6824,3728,10856,10445,6800,68911,30330,39119
22583:3176,17,302,654,76,616,58,8,866,84
22580:302,56527,39549,76,51500,1360,18044,70813,3113,109403
16020:302,76,8,7120,84,29,70,564,224,354
44728:302,76,866,8,84,29,70,564,224,354
33859:25552,17,302,654,76,616,58,8,866,84
49035:302,97539,50792,36116,97985,74236,72191,103926,54400,86357
49030:43434,21487,60137,90095,32124,45986,9375,107918,518,6162
18698:13733,58338,51871,1652,6574,23196,34167,117058,23308,121647
33866:76,245,902,394,239,483,97,119,45,1239
3529:302,76,8,669,84,29,70,564,224,354
31321:14237,79757,37838,68282,13051,39089,8976,4810,72415,30403
18697:302,88520,69349,76,43803,37480,52105,13897,47111,63779
25583:654,3502,361,354,20322,45770,254,7194,15318,4932
18711:302,76,8,7037,84,29,70,564,224,354
27510:17,302,654,76,616,58,8,866,84,29
18707:2405,17,302,654,76,616,58,8,866,84
12211:16658,39373,10692,36764,50129,1651,3043,9843,78979,37266
22575:10597,17,302,654,76,616,58,8,866,84
42556:17,58,719,2139,2162,353,1804,2193,422,8213
27514:302,603,8360,2633,15506,16574,28811,181,12294,36713
18713:302,76,8,10039,84,29,70,564,224,354
31348:302,76,8,84,29,70,564,224,354,1102
13871:4877,41070,5488,39638,135,10102,64406,22091,70892,2632
31345:654,32431,114098,98162,93335,86821,33361,6237,943,289
29417:302,26741,103305,52443,65139,78944,40652,69859,18994,3817
22546:84,302,518,18747,76,1102,56318,88,21798,22872
31356:610,21372,1578,50405,14155,51089,14700,1549,20200,226
49063:28352,103579,11859,6310,8891,10559,96589,51839,650,182
31352:10143,17,302,654,76,616,58,8,866,84
31355:10038,17,302,654,76,616,58,8,866,84
3572:29630,31775,60680,87374,110194,81034,56825,226,24627,54245
22533:17,58,2139,2162,353,1804,2193,422,8213,2275
33910:302,82400,99846,24894,76,69435,44054,65565,96605,55749
1389:75115,61636,71313,71576,40853,4245,99420,245,33995,902
46895:22708,2469,3527,3065,2073,187,1324,3476,578,9874
27481:17,58,35784,83298,73611,2748,2139,2162,353,1804
53643:302,616,564,29221,17191,20325,8,93,12223,22353
13874:1760,17,302,654,76,616,58,8,866,84
5202:1876,17,302,654,76,616,58,8,866,84
36064:669,17,302,654,76,616,58,8,866,84
38216:11623,17,302,654,76,616,58,8,866,84
29326:736,245,902,394,239,483,97,119,45,1239
7351:236,1462,495,155,1822,2292,1352,2018,3711,348
51293:302,4252,182,1245,2914,650,49434,11474,62,23871
25535:97,2469,3527,3065,2073,187,1324,3476,578,9874
44797:654,14904,6923,35048,3680,2430,9597,136,6546,289
16860:1970,7153,66113,10617,77518,98679,3902,2469,3348,109245
35999:302,11626,25481,76,9566,37575,40840,45156,55431,20356
44787:866,302,13083,354,76,17934,254,546,1763,8788
35989:11973,58853,1002,2548,17,302,654,76,616,58
49093:302,76,866,8,84,29,70,564,224,354
49112:17,120668,101265,87713,41108,86782,2981,46531,18103,12960
25513:17,37773,30977,39668,29532,58,69113,99712,10519,49182
31239:7680,17,302,654,76,616,58,8,866,84
25519:302,40983,32623,7056,62489,31315,14993,1351,5277,21285
25518:17,34694,1173,3717,1606,4364,2140,119,736,564
31236:302,76,8,395,84,29,70,564,224,354
40368:669,17,302,654,76,616,58,8,866,84
20721:302,654,58,1890,84,2061,8964,3,239,2139
49370:18536,245,902,394,239,483,97,119,45,1239
20720:302,76,8,200,84,29,70,564,224,354
16838:302,30156,32713,118827,76,95186,112229,31020,20477,112044
55670:76,616,302,736,30069,41699,79677,4215,15590,5022
42622:77204,17,302,654,76,616,58,8,866,84
46960:103414,482,1970,254,866,40,361,226,65,3774
16891:302,76,8,20302,84,29,70,564,224,354
10078:16996,1332,1030,4008,680,2696,371,1534,11973,13420
31288:2848,17,302,654,76,616,58,8,866,84
42571:302,4370,47844,29803,76,104539,10115,837,4414,2140
38168:302,7484,9612,76,45719,81228,7225,4940,21318,11659
42568:302,5363,1913,20891,2265,13509,1149,18345,26519,18750
12237:302,10291,30139,40898,76,56151,111861,41523,45322,30152
44758:83304,17,302,654,76,616,58,8,866,84
46975:500,2464,3039,4292,5176,714,683,6708,25635,16595
27406:302,58,3751,9041,29,1896,38283,3730,289,285
49124:431,17,302,654,76,616,58,8,866,84
33837:302,76,8,12722,84,29,70,564,224,354
40347:398,1418,12066,905,20330,5254,2142,11053,6472,2683
29368:47737,2641,330,81289,201,19542,35891,53594,81,1410
33841:36208,17,302,654,76,616,58,8,866,84
55640:50296,65160,28898,75171,89659,39480,98583,10772,55621,39895
5148:302,76,8,669,84,29,70,564,224,354
42583:1730,5097,890,3568,42756,4743,35582,42640,55944,3759
49399:302,76,88202,21485,32977,113870,123302,8,30716,84
53706:302,76,8,86855,84,29,70,564,224,354
29360:97682,17,302,654,76,616,58,8,866,84
22603:1187,48,32846,891,27487,2162,43053,899,875,22996
31274:8725,17,302,654,76,616,58,8,866,84
51297:8322,24933,13077,16965,11072,30815,9674,51232,15013,6856
44740:29159,17,302,654,76,616,58,8,866,84
13956:15947,44741,17,302,654,76,616,58,8,866
27627:17,302,654,76,616,58,8,866,84,29
33988:302,76,8,1803,84,29,70,564,224,354
35932:23626,6888,32740,39390,27706,29726,37268,25855,190,36526
38391:302,76,8,84,29,70,564,224,354,1102
16667:8819,55663,58853,5552,18921,59292,465,2548,1332,19214
22706:89392,53067,62251,29226,440,98058,62476,226,26498,118961
27616:24194,1462,495,155,1822,2292,1352,2018,3711,348
13961:10804,17,302,654,76,616,58,8,866,84
3423:25174,564,8,14402,32,8930,94,364,1382,3250
44583:302,1145,4513,54174,4547,53649,61409,441,70044,97558
38376:302,84,908,22340,50668,899,91899,491,245,646
25441:302,76,8,31958,84,29,70,564,224,354
40307:866,2469,3527,3065,2073,187,1324,3476,578,9874
40316:8627,518,859,2369,4262,2687,379,3146,11941,7831
3412:129,72467,68683,76480,3206,104247,71593,78657,28790,1007
25449:245,902,394,239,483,97,119,45,1239,999
27597:4357,17,302,654,76,616,58,8,866,84
38367:8183,15505,9444,7306,1414,10051,10428,81,3659,1410
48935:12022,17,302,654,76,616,58,8,866,84
10133:3610,4224,16658,37524,105339,23154,76452,83232,2308,55661
40262:17,58,2703,2139,2162,353,1804,2193,422,8213
27598:4589,245,902,394,239,483,97,119,45,1239
25430:96,245,902,394,239,483,97,119,45,1239
40259:1279,17,302,654,76,616,58,8,866,84
40258:302,34491,168,5480,35424,8860,3055,97387,3599,297
27594:302,23061,97748,443,20252,1896,342,10310,2531,13776
51390:669,17,302,654,76,616,58,8,866,84
34022:302,76,8,7680,84,29,70,564,224,354
3431:3225,76,47290,80576,88768,34500,683,1730,2139,17
27585:654,3502,361,354,20322,45770,254,7194,15318,4932
42625:3039,9608,96054,101583,40429,94961,33960,95387,5420,15242
47024:71737,17,302,654,76,616,58,8,866,84
25412:224,17,302,654,76,616,58,8,866,84
42654:302,76,8,50414,84,29,70,564,224,354
16679:7157,73470,83851,15298,12905,14576,94070,119108,92717,112864
20497:6495,1091,17501,79575,22108,175,17,302,654,76
42651:50281,40987,66027,1327,81185,109414,17,302,654,76
25410:4034,40048,2085,3436,10661,179,101437,18458,245,1023
10115:302,17975,10171,27113,76,108069,34428,9786,23001,15606
34041:302,17660,2607,31156,41565,61303,922,50147,15830,1535
14015:302,76,8,16034,84,29,70,564,224,354
48954:63446,17,302,654,76,616,58,8,866,84
47011:302,102699,101519,63648,62310,89680,121134,25979,105661,37224
20507:47188,1397,5139,9054,11749,4889,5975,13839,14030,2510
35859:8384,17,302,654,76,616,58,8,866,84
44659:48650,17,302,654,76,616,58,8,866,84
44658:2265,17,302,654,76,616,58,8,866,84
49227:302,76,8,14500,84,29,70,564,224,354
7230:2848,1462,495,155,1822,2292,1352,2018,3711,348
40229:302,76,8,84,29,70,564,224,354,1102
33921:224,245,902,394,239,483,97,119,45,1239
40234:302,1509,70581,76,94167,211,1213,1624,3445,7908
18887:23490,709,650,182,1245,146,510,1200,1451,4919
31371:616,86747,356,3175,554,136,23066,245,54910,902
14034:11808,17,302,654,76,616,58,8,866,84
5307:17,302,654,76,616,58,8,866,84,29
29208:3176,1462,495,155,1822,2292,1352,2018,3711,348
25388:302,57884,106474,6293,50163,95212,31623,101496,55467,73103
42699:44,17,302,654,76,616,58,8,866,84
20544:302,76,8,6413,84,29,70,564,224,354
20547:302,429,12090,15207,76,696,3789,36541,542,65648
42703:302,80580,40256,88015,76,113967,14425,106744,11283,8358
35893:709,17,302,654,76,616,58,8,866,84
40196:669,17,302,654,76,616,58,8,866,84
7184:6774,17,302,654,76,616,58,8,866,84
20555:28662,654,3018,15900,1778,41475,2716,750,59370,1693
7188:17,302,654,76,616,58,8,866,84,29
35901:239,17,302,654,76,616,58,8,866,84
31405:302,76,8,39934,84,29,70,564,224,354
40215:10503,14403,8454,17812,27291,19489,14508,24811,6157,35356
51429:13660,35083,5254,63405,78930,2083,2904,93766,81,2686
27539:4880,17,302,654,76,616,58,8,866,84
44622:17,58,2848,2139,2162,353,1804,2193,422,8213
26707:302,76,8,54187,84,29,70,564,224,354
24777:92789,102670,62429,41453,26825,115458,4354,109495,65542,54374
38466:96,245,902,394,239,483,97,119,45,1239
11414:302,18319,4910,16572,3886,61872,10011,1534,5542,68335
18999:302,6759,61599,13519,76,28496,122014,73384,28691,4927
13618:16797,1418,12066,905,20330,5254,2142,11053,6472,2683
29169:43450,245,902,394,239,483,97,119,45,1239
44418:93806,10486,107349,56884,76001,26279,46610,245,42330,902
24775:17651,1614,34356,11810,14071,47065,1046,2425,650,182
19006:62,245,902,394,239,483,97,119,45,1239
48308:826,17,302,654,76,616,58,8,866,84
42270:302,76,866,8,84,29,70,564,224,354
52007:236,3323,5575,4697,1957,2739,946,5084,401,4422
38480:654,500,289,285,1023,1499,2302,755,3231,2168
24793:302,76,8,1592,84,29,70,564,224,354
52031:302,3733,83345,94607,117950,83804,108243,2740,64390,27753
23323:7680,236,3323,5575,4697,1957,2739,946,5084,401
40642:1357,17,302,654,76,616,58,8,866,84
13607:138,50662,70,6686,24582,42,521,495,60607,155
40647:36226,17,302,654,76,616,58,8,866,84
24808:10492,17,302,654,76,616,58,8,866,84
8161:302,76,54240,8,77681,8357,84,29,70,564
50064:17,302,654,76,616,58,8,866,84,29
29138:17,58,2139,2162,353,1804,2193,422,8213,2275
40688:2618,17,302,654,76,616,58,8,866,84
13590:302,76,8,2405,84,29,70,564,224,354
48276:1187,48,32846,891,27487,2162,43053,899,875,22996
24825:302,76,8,84,29,70,564,224,354,1102
50050:302,76,8,88164,38056,84,29,70,564,224
11427:3054,4575,56161,12332,58760,25910,31879,2469,3477,3527
24827:1167,17,302,654,76,616,58,8,866,84
5994:64804,63574,19135,15777,245,902,394,239,483,97
42278:302,32827,654,94695,74445,54620,70086,21001,1684,225
34628:64481,116411,116857,96519,70242,107640,43199,65936,58050,48643
11431:285,81,1410,719,1832,726,1357,1693,5117,2868
21423:87400,17,302,654,76,616,58,8,866,84
26728:217,5295,81,23818,229,40795,6836,731,381,9036
34632:302,224,19148,76,79030,2508,12435,1456,2514,105255
48260:3367,17,302,654,76,616,58,8,866,84
46180:17,302,654,76,616,58,8,866,84,29
52078:3825,245,902,394,239,483,97,119,45,1239
50167:302,654,58,1890,84,2061,8964,3,239,2139
31010:47623,17,302,654,76,616,58,8,866,84
19070:23791,17,302,654,76,616,58,8,866,84
44484:302,4513,38225,2179,76,6315,3933,3618,44318,1002
52064:11146,29874,36190,27632,28759,4647,17,302,654,76
5904:78504,92712,91431,10372,105454,35798,5843,98932,95617,66718
29104:69,12597,1917,1617,3440,17,302,654,76,616
5905:84,302,518,18747,76,1102,56318,88,21798,22872
19046:9383,97380,110825,25787,74069,53924,17,302,654,76
48365:302,76,8,11552,84,29,70,564,224,354
52092:17,302,654,76,616,58,8,866,84,29
26628:302,4252,182,1245,2914,650,49434,11474,62,23871
19043:302,76,8,84,29,70,564,224,354,1102
5896:14817,43442,118550,65127,6779,119275,78685,77711,226,51253
46195:122127,43509,21584,17,302,654,76,616,58,8
1591:69776,62108,35798,65,3774,25115,13931,15139,13961,19821
26636:96,226,363,2548,1578,1362,925,4194,490,463
55879:80254,76,2414,564,3351,18600,698,34696,245,902
24725:6487,17,302,654,76,616,58,8,866,84
31034:20523,17,302,654,76,616,58,8,866,84
42313:866,17,302,654,76,616,58,8,84,29
26632:70232,17,302,654,76,616,58,8,866,84
40638:103576,17,302,654,76,616,58,8,866,84
23399:31639,17,302,654,76,616,58,8,866,84
30982:33504,35355,6156,69909,52930,107384,28641,81,113296,1410
34579:302,61189,17234,114939,106748,101798,104250,7694,18996,24534
19025:76,17,302,654,616,58,8,866,84,29
29080:302,76,866,8,84,29,70,564,224,354
48346:963,81,1410,719,1832,726,1357,1693,5117,2868
48345:3176,5998,4025,3313,1527,128,21,13895,14784,4604
30989:302,76,8,47567,84,29,70,564,224,354
8104:654,8300,289,285,1023,1499,2302,755,3231,2168
44515:17567,17,302,654,76,616,58,8,866,84
38451:5443,19319,71312,31633,88013,22507,50384,518,7931,859
21476:302,76,8,2139,84,29,70,564,224,354
31005:654,58,726,33677,11110,3,11816,25844,245,902
31000:302,76,8,47600,84,29,70,564,224,354
40610:11924,17,302,654,76,616,58,8,866,84
31001:654,84,302,564,8489,15787,43900,41,61819,1091
8008:3176,245,902,394,239,483,97,119,45,1239
19129:8342,17,302,654,76,616,58,8,866,84
26845:38578,6007,3847,807,805,6988,15676,6122,22528,5966
52137:65414,85449,17874,37177,58705,27313,113542,63841,46426,12030
52136:302,76,8,669,84,29,70,564,224,354
40538:302,4252,182,1245,2914,650,49434,11474,62,23871
11280:298,17,302,654,76,616,58,8,866,84
6110:17,16947,6207,827,26496,58,21938,4421,1471,39082
52140:93525,17,302,654,76,616,58,8,866,84
9357:80021,9760,83385,20184,7585,986,17,302,654,76
49960:85837,17,302,654,76,616,58,8,866,84
38616:302,35186,109914,76,62860,9481,15641,23089,2435,2157
40512:18062,245,902,394,239,483,97,119,45,1239
52145:17,302,654,76,616,58,8,866,84,29
31225:39596,14106,42965,47258,53068,10764,26444,19288,9240,14508
23448:2488,81,1410,719,1832,726,1357,1693,5117,2868
1780:302,88524,32351,76,13960,68717,48208,72271,10246,67574
36727:94793,41715,12406,64290,46406,22738,5433,2469,4272,3527
29033:302,76,8,224,84,29,70,564,354,1102
52156:17,302,654,76,616,58,8,866,84,29
15671:18457,1462,495,155,1822,2292,1352,2018,3711,348
3684:302,33031,104197,80992,88545,3460,109728,49556,2128,51071
24668:27534,5996,3632,4432,447,1181,37353,245,3219,902
44318:97246,26030,17,302,654,76,616,58,8,866
52159:302,20301,1222,76,23792,41675,116244,108731,54415,45088
53783:56207,65,3774,25115,13931,15139,13961,19821,17319,44642
23464:81462,17,302,654,76,616,58,8,866,84
24673:39839,67427,75255,101620,79068,32405,50650,245,8456,902
23465:4556,17,302,654,76,616,58,8,866,84
40563:21163,17,302,654,76,616,58,8,866,84
46217:63869,650,182,1245,146,510,1200,1451,4919,1190
13723:46376,98797,49443,114582,11587,93358,69244,80155,87426,31357
26867:64825,17,302,654,76,616,58,8,866,84
9389:302,32076,39645,76,97686,72606,45970,18077,63225,95029
48158:40152,17,302,654,76,616,58,8,866,84
8036:11859,28387,40319,22159,5488,6128,41543,135,236,36681
31175:6381,17,302,654,76,616,58,8,866,84
53796:120085,17,302,654,76,616,58,8,866,84
28992:302,76,8,42212,84,29,70,564,224,354
26856:17,302,654,76,616,58,8,866,84,29
36689:38953,17,302,654,76,616,58,8,866,84
38648:302,20938,16710,5232,30412,60328,747,1625,30948,97594
44343:33230,22236,98025,38181,78956,98379,17056,112926,236,3323
28996:1803,17,302,654,76,616,58,8,866,84
16918:90678,101968,12396,5648,46731,57701,65998,67596,650,99978
21288:1245,224,31390,5672,18904,62,3588,63011,650,35630
9402:9815,5998,4025,3313,1527,128,21,13895,14784,4604
44351:88052,17,302,654,76,616,58,8,866,84
49926:1651,17,302,654,76,616,58,8,866,84
31151:302,8683,2059,9789,76,7029,18942,10259,24012,3774
42461:302,46456,225,71429,76,696,33274,409,1876,32755
24580:8315,17,302,654,76,616,58,8,866,84
15725:64076,32794,669,87555,53563,91084,46446,26232,2469,78060
42462:46623,122573,105848,82837,245,902,394,239,483,97
28981:302,76,866,8,84,29,70,564,224,354
50046:302,58,3751,9041,29,1896,38283,3730,289,285
36642:96850,182,85260,118327,53765,26177,6982,2469,99621,3527
34741:50023,226,363,2548,1578,1362,925,4194,490,463
24591:2265,518,859,2369,4262,2687,379,3146,11941,7831
28988:17,58,28223,2139,2162,353,1804,2193,422,8213
40472:61181,71243,114380,56074,36906,10263,73379,69132,19404,116043
19184:18768,17,302,654,76,616,58,8,866,84
19185:38470,80258,117844,61373,96043,95749,28055,79535,106148,58652
21317:11535,3915,7006,20167,1589,64982,149,508,22776,3864
23514:302,76,8,669,84,29,70,564,224,354
36656:13306,17,302,654,76,616,58,8,866,84
44368:302,2687,47746,73361,17083,122442,39956,112772,63148,105979
44370:302,8,1102,76,3441,15383,518,30864,1762,40597
7958:669,17,302,654,76,616,58,8,866,84
50020:2703,5767,6033,766,11579,20300,4627,3197,11612,466
31158:4308,190,3017,594,1598,8252,964,3373,11718,15157
19174:302,6040,14785,62,55954,122551,21921,35750,106944,14022
50021:236,3323,5575,4697,1957,2739,946,5084,401,4422
52221:224,17,302,654,76,616,58,8,866,84
28973:32353,1196,52980,542,934,776,650,10075,861,8662
11332:302,31188,55777,65242,85124,33019,103220,100792,98337,9752
23508:17,44026,52865,48389,48759,58,69203,113350,88644,76606
13781:80287,51741,921,17,302,654,76,616,58,8
42495:17,302,654,76,616,58,8,866,84,29
31118:1145,17,302,654,76,616,58,8,866,84
34717:302,76,8,84,29,70,564,224,354,1102
16972:20417,17,302,654,76,616,58,8,866,84
19156:87246,2567,22722,13356,99804,979,40476,1462,52636,75333
50007:302,7779,30543,76,36069,38,10989,27561,293,5749
48221:302,17585,80987,37026,76,90911,57954,97885,102994,34313
40507:262,236,3323,5575,4697,1957,2739,946,5084,401
34703:669,245,902,394,239,483,97,119,45,1239
23549:90264,34775,87198,28198,25785,12764,1796,17376,15050,46884
23548:302,76,8,262,84,29,70,564,224,354
19148:8322,24933,13077,16965,11072,30815,9674,51232,15013,6856
48195:4616,17,302,654,76,616,58,8,866,84
13761:2917,93035,17032,8470,91794,1037,59591,81,1402,51269
31130:42430,379,1370,76504,3521,14790,28501,20707,3976,77175
40480:13,1462,495,155,1822,2292,1352,2018,3711,348
28940:64457,245,902,394,239,483,97,119,45,1239
42470:68417,17,302,654,76,616,58,8,866,84
40493:30646,52653,14081,94658,120118,4673,56733,15596,55640,3371
11360:12307,17,302,654,76,616,58,8,866,84
40489:10039,245,902,394,239,483,97,119,45,1239
21354:45187,17,302,654,76,616,58,8,866,84
38739:9289,245,902,394,239,483,97,119,45,1239
38736:17426,245,902,394,239,483,97,119,45,1239
9498:4926,17,302,654,76,616,58,8,866,84
40905:4686,2469,3527,3065,2073,187,1324,3476,578,9874
15541:669,650,182,1245,146,510,1200,1451,4919,1190
26949:302,76,8,92789,84,29,70,564,224,354
46391:302,76,8,7680,84,29,70,564,224,354
36595:654,58,861,302,94996,3611,153,5244,12785,591
44179:17,58,2139,2162,353,1804,2193,422,8213,2275
4075:95901,17,302,654,76,616,58,8,866,84
25044:2220,65457,2950,56761,908,44474,77616,2469,8700,3527
48549:302,58,3751,9041,29,1896,38283,3730,289,285
51754:81,1410,719,1832,726,1357,1693,5117,2868,1389
23040:10406,1418,12066,905,20330,5254,2142,11053,6472,2683
36585:302,6097,93162,2153,9813,32532,2337,8749,9800,25855
46369:302,106150,12222,76,46978,88527,76002,36249,94694,100519
46368:302,76,8,25913,84,29,70,564,224,354
25036:17,58,2139,2162,353,1804,2193,422,8213,2275
23044:78761,109465,12073,245,902,394,239,483,97,119
40926:2492,245,902,394,239,483,97,119,45,1239
9486:302,94987,24364,76,15360,38475,94680,115711,50707,30116
13375:302,76,8,2703,84,29,70,564,224,354
44162:302,76,8,29319,84988,84,29,70,564,224
23055:302,76,8,30972,84,29,70,564,224,354
44165:17,58,224,2139,2162,353,1804,2193,422,8213
9531:35368,262,89252,77204,107534,102054,107100,92453,245,102836
28873:654,64869,4292,80318,379,2351,90114,11251,3976,22851
13325:302,1592,8841,12508,26722,21553,99452,795,3450,35946
23099:101657,26340,77676,32645,58205,16685,20356,1888,7680,4671
38778:924,31496,43124,8015,2547,14970,79251,15348,245,2123
13319:985,2469,3527,3065,2073,187,1324,3476,578,9874
36564:986,57656,34919,3756,65505,20396,77296,650,30095,182
42030:302,2172,2376,425,10713,4276,1384,11767,1668,45125
9514:302,9961,85292,45791,76,19244,63098,36401,23317,1989
15490:302,76,8,78002,84,29,70,564,224,354
46337:17,302,654,76,616,58,8,866,84,29
51720:302,76,10202,8,107713,2995,84,29,70,564
11699:5403,2469,3527,3065,2073,187,1324,3476,578,9874
49809:302,76,10333,8,47352,84,29,70,564,224
25069:302,80338,94738,90650,76,71546,101090,99749,79337,108351
48542:17,302,654,76,616,58,8,866,84,29
25059:953,17,302,654,76,616,58,8,866,84
42040:21684,17,302,654,76,616,58,8,866,84
42045:302,27879,5101,1980,76,118299,71714,50923,43716,41007
28885:17,302,654,76,616,58,8,866,84,29
17285:1679,60324,70344,22058,39788,70311,78240,17055,62695,123051
38766:3177,17,302,654,76,616,58,8,866,84
38679:302,76,8,21163,84,29,70,564,224,354
54228:9847,245,902,394,239,483,97,119,45,1239
4001:4259,2464,3039,4292,5176,714,683,6708,25635,16595
51835:302,29723,35722,10906,76,19245,89980,87822,15294,13992
5640:1970,7153,66113,10617,77518,98679,3902,2469,3348,109245
15600:83988,245,902,394,239,483,97,119,45,1239
54226:13453,17,302,654,76,616,58,8,866,84
26882:358,17,302,654,76,616,58,8,866,84
51833:72573,22539,44658,18489,71122,31199,92133,73687,190,118821
38686:33947,46663,9930,59521,93694,58214,97590,58247,75971,35659
46463:11302,82378,17,302,654,76,616,58,8,866
38684:302,76,866,8,84,29,70,564,224,354
38685:1119,17,302,654,76,616,58,8,866,84
19304:17,302,654,76,616,58,8,866,84,29
34347:16299,50090,60217,6007,3847,807,805,6988,15676,6122
28861:86131,105573,78700,92147,118195,90092,97697,1332,109052,1030
44238:302,76,8,84,29,70,564,224,354,1102
38661:302,76,8,6503,84,29,70,564,224,354
23110:177,22655,69494,103120,11497,66537,17,302,654,76
49906:81658,12565,4875,51234,29122,36399,31585,245,17380,66541
28858:302,76,45415,8,29049,84,29,70,564,224
9541:29477,96167,77846,121835,120893,53744,18868,46570,75193,72145
30767:302,8066,42506,10060,76,10175,22128,183,15131,25839
49916:654,3502,361,354,20322,45770,254,7194,15318,4932
40852:34647,650,182,1245,146,510,1200,1451,4919,1190
23113:303,245,902,394,239,483,97,119,45,1239
13425:302,17985,2001,99633,76,82345,63651,77031,34444,13102
17378:43006,89419,15190,14255,1419,5292,17,302,654,76
36508:302,3429,24703,76,117,29782,24944,136,2172,27741
34309:302,7941,13893,5851,76,21112,98818,37503,16382,62617
42086:866,302,13083,354,76,17934,254,546,1763,8788
25021:11127,17,302,654,76,616,58,8,866,84
30739:302,13088,73708,30779,10504,4009,7226,2801,1458,12789
34318:3150,17,302,654,76,616,58,8,866,84
40864:2469,3527,3065,2073,187,1324,3476,578,9874,998
25011:17,4195,5465,9853,7125,4413,38345,29159,38502,10205
49867:302,65526,9594,76,32882,14259,4671,36829,7468,55968
36499:302,1913,6387,76,5443,11731,2848,15555,361,40263
38715:226,363,2548,1578,1362,925,4194,490,463,342
49872:8322,24933,13077,16965,11072,30815,9674,51232,15013,6856
5691:302,76,8,19912,84,29,70,564,224,354
36488:302,48899,11169,82536,103489,113484,32955,38653,85169,106001
9576:10038,17,302,654,76,616,58,8,866,84
24999:81,245,902,394,239,483,97,119,45,1239
15567:302,58,3751,9041,29,1896,38283,3730,289,285
34335:302,76,8,997,84,29,70,564,224,354
44257:302,76,8,3176,84,29,70,564,224,354
48593:3177,78225,36240,17,302,654,76,616,58,8
44053:74638,226,363,2548,1578,1362,925,4194,490,463
46513:31214,17,302,654,76,616,58,8,866,84
48431:2848,650,182,1245,146,510,1200,1451,4919,1190
38870:302,3231,6535,554,76,4338,12015,394,86,3017
34553:302,3389,60785,24596,48,35704,1187,12151,74880,40091
56215:302,8654,38613,104372,76,32728,8651,90290,50138,115922
30958:47482,85483,22286,55820,114430,56728,113428,14235,4783,80300
2025:302,15837,6766,76,72934,10075,15925,923,96383,18512
24907:61802,542,94510,96775,97479,71655,60307,13455,35666,58896
46489:224,17,302,654,76,616,58,8,866,84
24945:1069,2469,3527,3065,2073,187,1324,3476,578,9874
19343:61118,93612,17,302,654,76,616,58,8,866
54076:654,790,289,285,1023,1499,2302,755,3231,2168
13447:5477,22182,11404,17,302,654,76,616,58,8
34511:302,12617,90233,44547,99359,119398,71025,33644,60064,97118
21029:39390,111634,54625,29064,106824,27249,22966,81,43660,120407
56230:84139,81109,70412,11756,119383,100779,91948,109704,245,902
27116:17,58,10849,2139,2162,353,1804,2193,422,8213
38897:17,302,654,76,616,58,8,866,84,29
49664:302,12722,5480,11917,719,17102,6695,984,463,7426
46483:654,3502,361,354,20322,45770,254,7194,15318,4932
48399:3137,650,182,1245,146,510,1200,1451,4919,1190
19354:32837,10684,25000,68230,106023,116949,61263,66749,44315,88945
46473:2934,236,24156,736,45,27015,2447,238,3829,6462
36418:302,76,8,68687,84,29,70,564,224,354
34523:3176,17,302,654,76,616,58,8,866,84
36419:780,9023,81222,262,180,5767,23933,28926,1410,719
42174:302,76,8,7178,84,29,70,564,224,354
48406:39351,17,302,654,76,616,58,8,866,84
27126:302,76,8,9345,84,29,70,564,224,354
24943:36323,18939,25366,64200,36848,33502,8960,44578,35177,37961
27124:42426,4148,7360,90390,71285,5000,7041,25427,521,11646
38813:93551,17,302,654,76,616,58,8,866,84
19433:68645,24380,52732,535,656,1462,495,155,1822,2292
42184:1462,495,155,1822,2292,1352,2018,3711,348,4996
48480:2469,3527,3065,2073,187,1324,3476,578,9874,998
34470:302,1023,190,20182,76,72179,15,13976,179,19177
23252:93683,12968,4308,26513,5486,7940,11577,245,2856,60628
23254:9710,20913,9172,8034,5230,107577,13227,103594,36655,92574
42179:4941,24211,2447,11658,32115,37386,33806,398,57031,4126
40712:99642,17,302,654,76,616,58,8,866,84
40727:866,17,302,654,76,616,58,8,84,29
24839:17,58,2139,2162,353,1804,2193,422,8213,2275
46570:2513,17,302,654,76,616,58,8,866,84
44096:226,363,2548,1578,1362,925,4194,490,463,342
15466:302,76,8,1030,84,29,70,564,224,354
36385:17,60059,28416,58,40825,29335,56693,2169,2139,2162
21084:37348,3270,63947,4274,32746,20959,44183,6783,83010,36268
38786:46013,95446,95709,5365,69087,78875,58978,13518,13114,15295
46562:17,302,654,76,616,58,8,866,84,29
46560:18707,7217,25491,81290,5119,94,27279,508,82733,3093
7682:7836,47276,15556,61872,28527,62614,19412,190,12738,3017
36393:60311,17,302,654,76,616,58,8,866,84
42193:302,58214,114251,51148,78353,79906,4646,66008,46365,16947
54080:13341,17,302,654,76,616,58,8,866,84
30876:302,17708,22891,75852,116746,23468,2070,9854,11355,32473
27052:38945,17,302,654,76,616,58,8,866,84
15448:76017,16763,5355,5103,4021,226,17,302,654,76
1951:17,26122,1360,28510,31609,91621,18044,5182,117484,13490
46551:2897,49438,10423,44270,23828,88650,110602,16491,20788,114378
40750:59514,17,302,654,76,616,58,8,866,84
51929:106044,17,302,654,76,616,58,8,866,84
28681:302,654,58,1890,84,2061,8964,3,239,2139
15441:302,85795,17739,117827,112862,4707,120308,75535,101177,120996
13525:46013,39466,58978,95446,38219,69087,78875,81,21878,1410
42238:17,58,2703,2139,2162,353,1804,2193,422,8213
44135:302,76,8,669,84,29,70,564,224,354
48465:654,2703,289,285,1023,1499,2302,755,3231,2168
48466:302,76,8,294,84,29,70,564,224,354
30854:302,76,8,19030,84,29,70,564,224,354
42229:114876,85314,92043,38682,119806,11248,96722,29795,19111,114254
28700:654,47376,8,3860,28989,110614,30461,289,285,1023
51918:2848,518,859,2369,4262,2687,379,3146,11941,7831
46528:780,9023,81222,262,180,5767,23933,28926,1410,719
54114:38971,22958,84382,66099,106087,71853,3060,7087,1462,113629
